1 0.60390625 0.32109375 0.12890625 0.26015625
1 0.8 0.47421875 0.1984375 0.32734375
1 0.60625 0.7140625 0.2390625 0.41328125
1 0.36484375 0.484375 0.1890625 0.3859375
1 0.3265625 0.31640625 0.20234375 0.2671875
1 0.26484375 0.20078125 0.16171875 0.25078125
0 0.770232728125 0.388023696875 0.783563646875 0.353767059375 0.7724543796875001 0.32464890625 0.736904759375 0.32464890625 0.7102425890624999 0.341777225 0.71444439375 0.3707191796875 0.770232728125 0.388023696875
0 0.74579220625 0.3571927359375 0.7591234625000001 0.381172409375 0.803560528125 0.39487505 0.8324443515625 0.370895378125 0.8324443515625 0.3383516125 0.7838888374999999 0.31934931718750004 0.74579220625 0.3571927359375
0 0.5783332828125001 0.55907534375 0.5947061140625001 0.5798610046875 0.645808809375 0.5884251640625 0.670249159375 0.554168396875 0.6613617140625 0.516486084375 0.6124810093749999 0.5044962484375 0.5835968484375 0.5301887265625 0.5783332828125001 0.55907534375
0 0.394739315625 0.370895378125 0.4125142109375 0.3452029 0.3791864109375 0.3195104234375 0.3369711640625 0.33150025781250003 0.332527525 0.36746970156250003 0.361666615625 0.38356164531250003 0.394739315625 0.370895378125
0 0.3547460578125 0.3606184125 0.40807040156249996 0.3486285765625 0.42584529531250004 0.326361778125 0.4169578484375 0.2852537859375 0.37029896406249996 0.2886794640625 0.33944439375 0.3107876734375 0.3547460578125 0.3606184125
0 0.35252406875000003 0.25442282656250004 0.365855325 0.23215602500000002 0.33474934375 0.2064635484375 0.2947559171875 0.21502770781249997 0.290312278125 0.24414586093750001 0.3227777265625 0.26369863125 0.35252406875000003 0.25442282656250004
0 0.2727777265625 0.22945205624999998 0.290312278125 0.23215602500000002 0.3391929828125 0.2235918671875 0.3414148015625 0.2064635484375 0.328083715625 0.1790582328125 0.27253738437499997 0.185909553125 0.2636499359375 0.2098892265625 0.2727777265625 0.22945205624999998
0 0.26142811718750003 0.14308875625 0.2947559171875 0.127673278125 0.2703155640625 0.0985551890625 0.2369877640625 0.0985551890625 0.22143485937500001 0.125960440625 0.239209584375 0.1550785609375 0.26142811718750003 0.14308875625
0 0.23476594374999998 0.120821925 0.2792030109375 0.110544959375 0.2592062984375 0.08313964375 0.22143485937500001 0.07286271093749999 0.1925506984375 0.08485248125 0.2005555046875 0.111729453125 0.23476594374999998 0.120821925
0 0.6346995421875 0.2424329921875 0.645808809375 0.220166190625 0.6324777218750001 0.1910480359375 0.5858186671875 0.1944737125 0.556934675 0.220166190625 0.58944439375 0.2444349328125 0.6346995421875 0.2424329921875
2 0.674721378125 0.644689309375 0.6974392015624999 0.6453628828125 0.710545609375 0.629870459375 0.7053029937499999 0.6143780343749999 0.6817114859375 0.609662940625 0.6643866484375 0.623892221875 0.674721378125 0.644689309375
2 0.5008431015625 0.6366062984374999 0.5201922406249999 0.6415686078125 0.5314247171875001 0.652098725 0.550647421875 0.6480572812500001 0.5488999265625 0.633238378125 0.5331722140624999 0.618419528125 0.5069594000000001 0.613030859375 0.48861044375 0.621787446875 0.5008431015625 0.6366062984374999
2 0.8590848843750001 0.44131641562499996 0.8826763890624999 0.43592775 0.8809288953125 0.421108896875 0.8590848843750001 0.41572023125 0.845978478125 0.425150415625 0.83370584375 0.43786931406249996 0.8590848843750001 0.44131641562499996
2 0.7341371140625 0.4184145765625 0.7157882250000001 0.4285183359375 0.726273325 0.44131641562499996 0.7420010375 0.4480522546875 0.7564135671875001 0.45434359999999996 0.7690875312500001 0.44131641562499996 0.7577286203125 0.4285183359375 0.7341371140625 0.4184145765625
2 0.6607412906250001 0.2803298828125 0.6869541046875 0.270899684375 0.6869541046875 0.255407246875 0.661614971875 0.255407246875 0.6511298734375 0.26551101875 0.6388972796875 0.283024190625 0.6607412906250001 0.2803298828125
2 0.5786077281249999 0.283024190625 0.56812263125 0.267531765625 0.5436573109375 0.26483743125000003 0.5340460265625 0.2769619640625 0.5550162249999999 0.28369780312500004 0.5724914328125 0.291107203125 0.5786077281249999 0.283024190625